49328
41645
23596
48236
44359
33829
31206
19718
56885
59257
63120
21556
52466
18288
52349
35075
10252
63524
30498
60218
25338
59442
55070
16078
60047
60270
57884
23908
61627
63804
3768
60906
58445
38292
61111
23018
60753
58193
44596
34727
47661
17506
41987
54802
44387
39397
59945
38436
1485
5774
11148
10946
62442
39373
49579
40637
5121
58836
41281
52904
26533
61072
57956
52170
28357
30590
20349
21750
16893
15114
61796
50125
47878
43856
5417
38643
36231
51852
36178
30315
18445
44301
43847
46322
13165
32698
35286
37347
60276
49399
7805
59734
59500
3781
14215
17876
27125
8208
6226
65222
49960
20684
1708
62071
47736
32006
33596
39086
59143
42616
30337
26048
58922
14066
43966
25526
14304
20517
3565
20970
9611
62317
16417
45518
31769
23083
3545
47981
8119
21924
30618
64493
44052
15383
43135
13934
56923
52315
14551
16813
28419
37353
52337
60945
7704
64791
20307
17753
61041
26276
64818
39503
8261
9948
40418
12583
15156
24518
18066
47925
2138
62260
50263
18591
30595
47485
4918
43681
7270
36976
56634
59251
56163
27552
37368
22518
62814
40022
53225
13638
29115
65482
24835
52047
51516
23211
12958
42031
7585
39207
26845
57382
32285
61264
57135
34287
4302
28342
11453
398
8931
55261
11412
49691
23868
33069
22765
5204
48914
44274
13934
64969
46430
42425
772
9661
10461
18355
47912
21360
49017
5942
58170
59319
46505
50193
57467
4115
39427
40881
51515
32157
9841
31976
40273
51422
20513
5192
45591
40700
9935
2836
40805
33491
1691
19890
12360
40945
4770
34034
16918
37936
39650
10
18928
33020
31626
47112
37707
23974
18172
54439
36028
49798
5300
55989
29279
63376
40578
61724
55827
23120
16561
16435
35951
30138
57837
42667
22909
54172
31308
60733
22659
29298
14059
23994
4718
21708
13995
34864
15732
10218
52604
61741
59866
65458
44057
887
47741
32036
23300
38303
9024
58338
7759
36235
49879
4604
40355
6363
4118
33975
60959
50673
31713
33788
52070
48685
19389
50912
45006
62179
13465
56330
59972
15429
48489
62366
63625
63393
48255
21297
3805
27100
40105
25113
26806
6032
14108
25347
27000
63058
57459
16731
46616
9895
10429
25684
55747
9195
54245
61427
7687
41931
49205
54620
31538
55664
1826
18492
46372
24092
20639
48751
15659
35152
30192
19153
32607
45661
34167
37600
9012
23689
35085
39595
6188
8675
6797
22982
15076
51189
35418
20714
63542
209
51365
57507
44634
12993
16200
51284
4864
15736
42690
14396
39759
40242
41012
8958
39984
53031
30570
49687
32827
18162
3743
30382
16765
11978
14456
41826
8706
11408
65380
48881
2946
22546
54067
34896
50716
54255
51543
60904
25821
13849
63939
16671
32330
18378
11264
46925
31853
2736
5704
59482
3122
21132
11601
64313
21656
21456
44832
61444
38011
282
8330
2208
22223
61137
51995
43461
62020
13926
941
18837
12256
48495
44989
40006
64787
41155
58417
19911
3772
56505
51903
15947
31890
45684
42719
37322
7339
37485
46957
32336
54964
22239
25083
54297
11068
29033
6046
54169
48671
65112
29746
17142
8530
55846
26456
29707
18418
17018
42468
20596
42516
59504
2401
45123
55620
54648
60871
33902
58820
5068
35415
26039
19953
42725
58617
13872
4510
17467
32517
60630
37786
10452
37378
45571
26962
57687
29197
59255
46301
26709
62811
61689
12738
28138
3119
55823
64059
15530
44400
45989
64007
38529
429
34935
22318
10434
6979
33415
62710
13735
22187
42300
54101
43730
44059
53622
64152
46267
15223
32960
204
40463
20460
17727
64091
23692
6435
2997
55823
749
44888
58684
17386
40246
26085
44705
37626
64110
26495
54452
4588
4345
32779
11909
453
328
27907
2607
12071
478
7574
5327
17946
32783
47847
23825
25530
34435
54716
55091
15766
38287
40247
11320
38253
56932
59616
18967
9806
39185
15011
53857
11082
37466
45769
48808
35143
12860
31602
6030
21003
588
8735
35777
10202
3254
3971
53441
13305
30006
10115
42821
12412
7634
8241
59828
5206
29948
19895
25487
28782
10971
11872
9839
33657
15304
37815
23316
37183
48852
47103
1247
36370
15564
12483
4710
45619
1718
33733
18631
57192
24243
8602
57123
55010
7046
56569
59073
19308
21025
15748
12438
46522
6611
40075
13592
6899
35586
6376
27900
27183
1644
38855
33716
49545
51081
10872
13512
28600
59486
61549
32358
22926
48166
32578
840
5107
45205
52482
1867
24748
28630
51502
53905
16273
32679
13193
35087
46022
4220
47794
40593
3796
39587
7192
6986
46831
35656
29127
25000
13253
59377
21471
13645
60189
330
11114
27437
34177
7578
29856
5628
61578
17583
38960
48831
28963
57986
1976
31141
6663
59218
61882
33096
14906
1137
59166
45295
17079
1948
24592
22276
6617
36086
4620
44599
36077
62681
21810
64530
21663
61294
30269
10521
3620
63624
17509
20286
20817
49882
41431
35307
12624
3643
33281
32025
37599
31288
60805
59739
50684
6163
10202
63383
14828
22152
29022
4751
18423
10752
37245
27834
23352
23998
633
8297
59521
55857
25297
64774
2435
31302
35442
207
18232
8566
4843
35013
27333
1748
17710
58138
38463
14958
42011
2396
37324
62124
54429
22803
6736
6863
35188
37427
7851
23196
42329
48150
38090
38437
47468
49908
55684
60236
53836
14917
10961
62913
37963
11029
38032
41391
37071
51692
51742
54732
38015
23821
41848
34464
12770
9076
57634
25517
46611
13715
8040
54030
61554
52364
32130
44599
8683
10691
92
33336
6090
12644
35098
37961
61547
17694
52638
47059
34978
49956
60176
739
50870
57003
18552
34864
18040
5368
51108
40907
43190
62140
64901
41127
33296
64350
63170
45640
39308
32022
6698
1768
35162
50058
3713
6045
35607
9600
15652
42492
8209
45836
3102
21805
44220
3833
14903
43011
1994
8733
47895
26257
24733
40990
62041
44047
59745
44329
30578
47610
64988
43381
29435
49058
25824
11389
52569
59805
3495
25771
34885
41895
51289
23370
50591
9500
57381
26116
53086
19697
53582
22843
25535
59926
11642
49018
7961
49310
59294
31856
63363
40797
63109
17231
52906
25830
29725
15248
26966
57970
9
2592
64301
40746
20539
21051
38381
56140
4706
7841
28205
8278
53101
42021
8925
46734
40697
30624
12400
37099
36409
52614
62250
31396
35861
14081
9652
26174
1564
49599
34818
51321
44748
31411
18220
35520
57507
21342
